85.3926
85.3934
85.393
85.393
85.393
80.2941
86.7618
80.2941
86.7625
80.2945
86.7625
80.2945
86.7625
80.2945
86.7625
86.5235
86.5243
86.5239
86.5239
86.5239
85.5482
85.3442
85.5482
85.3449
85.5482
85.3449
85.5482
85.3449
85.5482
85.3449
86.5232
86.5235
86.5239
86.5239
85.5464
85.5475
85.5475
85.5475
85.5475
86.1089
82.6422
82.6415
82.6426
82.6422
85.2258
82.6422
85.2258
84.2635
84.2646
84.2639
86.2015
86.2077
79.4598
85.0585
79.4627
79.4656
79.4649
79.4532
82.537
82.5413
82.5373
73.3604
86.1639
73.3455
86.161
73.3462
73.3465
73.3465
85.393
85.393
85.393
85.393
85.393
80.2945
86.7625
80.2945
86.7625
80.2945
86.7625
80.2945
86.7625
80.2945
86.7625
